37 27,7
37 26,7
36 28,7
35 28,7
35 27,7
54 51,3
37 29,7
31 53,3
37 30,7
44 54,3
36 30,7
53 53,3
35 30,7
34 28,7
33 30,7
34 27,7
33 27,7
32 28,7
32 27,7
31 30,7
31 29,7
27 56,3
31 28,7
12 60,3
30 29,7
29 29,7
29 28,7
31 27,7
62 58,3
30 27,7
29 27,7
47 58,3
31 26,7
29 26,7
31 31,7
30 31,7
29 31,7
28 31,7
28 30,7
27 30,7
27 28,7
28 27,7
27 27,7
30 25,7
29 25,7
36 61,3
26 30,7
26 29,7
27 31,7
26 32,7
28 33,7
8 52,3
25 33,7
25 32,7
41 50,3
25 31,7
27 34,7
26 34,7
24 33,7
34 62,3
24 32,7
28 60,3
46 56,3
24 31,7
55 55,3
23 30,7
24 29,7
23 29,7
23 28,7
25 27,7
23 27,7
26 26,7
24 26,7
22 33,7
22 31,7
49 55,3
21 32,7
21 31,7
52 53,3
20 33,7
33 54,3
20 31,7
21 34,7
23 34,7
56 54,3
22 35,7
21 35,7
23 36,7
15 55,3
22 36,7
13 58,3
22 37,7
21 37,7
24 35,7
24 38,7
23 38,7
24 39,7
23 39,7
57 54,3
22 39,7
24 40,7
22 40,7
25 40,7
25 39,7
30 53,3
25 38,7
26 39,7
26 37,7
14 61,3
26 36,7
28 29,7
25 36,7
27 38,7
27 37,7
27 35,7
36 26,7
28 37,7
10 55,3
28 36,7
29 36,7
29 35,7
29 34,7
30 36,7
30 35,7
30 33,7
29 33,7
31 35,7
31 34,7
31 33,7
31 32,7
30 32,7
32 34,7
32 33,7
62 56,3
32 32,7
33 33,7
33 32,7
37 55,3
32 31,7
34 33,7
44 51,3
34 32,7
35 32,7
36 31,7
23 60,3
36 33,7
35 33,7
35 34,7
35 35,7
34 35,7
33 35,7
12 52,3
49 56,3
32 35,7
33 36,7
31 36,7
26 56,3
33 37,7
32 37,7
31 37,7
30 37,7
27 61,3
32 38,7
35 31,7
31 38,7
23 53,3
30 38,7
35 26,7
29 38,7
29 37,7
30 39,7
23 54,3
28 39,7
27 39,7
27 40,7
26 40,7
24 56,3
30 52,3
26 41,7
26 42,7
28 44,7
26 44,7
53 55,3
29 44,7
30 44,7
30 43,7
9 59,3
30 42,7
29 41,7
31 42,7
31 41,7
31 40,7
49 52,3
29 40,7
32 42,7
32 41,7
33 62,3
32 40,7
33 40,7
33 39,7
31 39,7
34 40,7
34 39,7
34 38,7
36 37,7
36 36,7
36 35,7
37 34,7
37 33,7
38 34,7
17 60,3
38 33,7
38 32,7
37 32,7
26 57,3
37 38,7
36 38,7
35 39,7
37 40,7
13 57,3
36 42,7
34 42,7
35 43,7
35 44,7
13 62,3
34 44,7
33 43,7
33 42,7
34 45,7
33 45,7
33 46,7
37 43,7
37 42,7
38 41,7
38 40,7
28 25,7
25 30,7
38 38,7
38 36,7
39 38,7
39 37,7
39 36,7
36 41,7
44 30,7
36 43,7
5 27,6
49 20,6
36 44,7
40 37,7
54 17,6
9 54,3
44 34,7
32 44,7
32 43,7
33 12,8
31 44,7
29 43,7
24 14,6
28 45,7
28 43,7
25 48,7
45 29,7
27 45,7
37 54,3
53 23,6
26 45,7
26 43,7
19 51,6
31 14,8
29 12,7
55 12,6
24 43,7
27 20,8
23 45,7
23 44,7
28 46,7
23 43,7
60 26,6
23 42,7
34 24,8
19 41,7
22 42,7
33 28,7
24 41,7
23 41,7
22 38,7
23 58,4
57 16,6
56 59,3
23 25,6
40 24,7
20 38,7
21 44,7
21 38,7
47 26,6
22 46,7
20 44,7
53 58,3
19 44,7
12 32,6
21 45,7
3 56,3
32 9,6
19 45,7
20 46,7
21 47,7
20 48,7
52 57,3
38 22,6
18 44,7
23 46,7
25 46,7
44 43,6
51 23,6
28 47,7
31 48,7
34 48,7
28 61,3
35 47,7
14 56,3
47 10,6
37 47,7
27 41,7
22 58,4
38 47,7
39 31,7
38 45,7
22 34,7
37 2,6
23 4,6
19 36,7
27 46,7
36 45,7
39 14,8
16 54,3
40 44,7
41 45,7
41 43,7
27 3,6
41 42,7
39 42,7
20 53,3
20 14,6
42 43,7
39 41,7
41 40,7
44 56,3
29 46,7
10 53,3
39 40,7
26 31,7
44 11,6
40 39,7
22 59,4
41 37,7
55 50,3
46 30,6
40 35,7
39 35,7
41 56,3
38 35,7
8 36,6
40 34,7
50 58,3
39 33,7
46 48,3
38 28,7
13 22,6
39 27,7
38 27,7
37 46,7
37 25,7
38 24,7
41 25,7
32 11,8
41 24,7
56 15,6
42 25,7
42 28,7
5 25,6
43 28,7
43 31,7
41 32,7
39 39,7
42 33,7
43 34,7
2 59,3
34 43,7
34 6,7
6 27,6
42 34,7
41 60,3
24 25,7
9 21,6
41 34,7
39 47,7
43 36,7
44 38,7
35 36,7
44 39,7
42 41,7
2 35,6
29 45,7
40 31,7
28 26,7
42 40,7
35 40,7
23 23,6
43 27,7
44 29,7
33 59,3
43 26,7
43 24,7
20 58,4
40 25,7
42 35,7
43 37,7
37 37,7
53 13,6
52 17,6
52 16,6
34 5,6
54 20,6
54 14,6
29 5,6
32 45,7
41 35,7
53 21,6
54 22,6
34 46,7
42 26,7
50 17,6
40 23,7
53 22,6
54 23,6
31 55,3
57 25,6
31 43,7
22 19,6
54 24,6
39 52,3
55 25,6
54 25,6
54 26,6
37 59,3
55 27,6
30 45,7
54 27,6
37 5,6
52 27,6
52 26,6
52 25,6
52 24,6
27 32,7
48 10,6
52 23,6
51 22,6
36 54,3
41 31,7
50 22,6
51 21,6
51 20,6
50 19,6
51 18,6
42 29,7
49 17,6
51 15,6
19 21,6
28 49,7
25 45,7
51 14,6
49 14,6
48 16,6
7 25,6
48 18,6
44 59,3
48 20,6
42 55,3
48 19,6
22 41,7
47 21,6
41 41,7
19 50,7
47 18,6
46 18,6
40 52,3
46 16,6
47 15,6
46 15,6
25 29,7
47 14,6
24 52,3
45 15,6
14 55,3
37 31,7
45 14,6
43 8,6
30 22,8
30 8,6
44 16,6
38 37,7
57 30,6
30 48,7
28 48,7
44 14,6
57 35,6
44 17,6
45 18,6
19 40,7
45 19,6
42 36,7
18 50,7
44 19,6
43 19,6
43 18,6
41 57,4
21 8,6
48 21,6
43 17,6
52 60,3
42 20,6
11 31,6
42 19,6
44 13,6
36 32,7
20 47,7
42 13,6
16 50,6
40 14,8
43 12,6
34 55,4
21 50,7
45 11,6
28 35,7
46 13,6
47 53,3
43 32,7
46 11,6
47 13,6
56 23,6
47 12,6
47 11,6
48 13,6
48 11,6
38 56,3
37 41,7
38 11,8
49 13,6
50 13,6
8 62,3
52 12,6
43 40,7
32 53,3
53 12,6
23 37,7
47 25,6
54 12,6
55 14,6
54 15,6
21 42,7
53 15,6
56 13,6
50 16,6
57 15,6
33 44,7
53 25,6
56 14,6
30 60,3
32 39,7
54 16,6
54 19,6
57 17,6
20 8,6
57 18,6
56 18,6
55 18,6
5 54,3
20 62,3
56 19,6
35 12,8
55 19,6
58 21,6
35 45,7
58 19,6
29 10,7
57 21,6
46 17,6
19 14,6
57 22,6
17 62,3
58 23,6
26 54,3
38 26,7
41 28,7
58 24,6
11 58,3
35 21,8
40 28,7
57 24,6
56 27,6
31 45,7
59 25,6
59 26,6
35 29,7
59 27,6
26 46,7
58 27,6
24 30,7
46 12,6
58 29,6
36 40,7
22 52,4
57 29,6
56 29,6
54 53,3
58 32,6
20 45,7
53 20,6
58 33,6
43 14,6
31 57,4
55 31,6
55 30,6
45 35,6
45 26,7
55 29,6
54 29,6
22 16,6
55 28,6
37 39,7
18 19,6
28 12,7
25 35,7
53 29,6
40 43,7
29 42,7
33 41,7
43 42,7
55 20,6
21 18,6
53 28,6
44 20,6
52 28,6
51 27,6
56 58,3
50 28,6
26 10,5
49 26,6
49 25,6
48 26,6
26 13,7
58 28,6
49 24,6
47 24,6
46 23,6
47 20,6
46 22,6
29 19,8
40 38,7
45 22,6
40 55,3
48 24,6
46 21,6
3 36,6
22 43,7
24 36,7
56 20,6
45 21,6
44 23,6
28 11,7
42 22,6
12 51,3
43 16,6
42 21,6
44 57,3
18 59,4
36 46,7
20 43,7
40 20,6
49 51,3
8 23,6
56 16,6
3 55,3
8 22,6
61 56,3
7 23,6
53 50,3
6 24,6
6 22,6
34 23,8
45 12,6
8 25,6
18 61,3
26 49,7
39 30,7
39 29,7
25 34,7
57 26,6
10 25,6
9 24,6
54 28,6
27 47,7
43 11,6
8 26,6
47 16,6
33 29,7
7 26,6
10 26,6
30 34,7
9 27,6
42 45,7
41 10,6
50 25,6
8 27,6
10 28,6
24 28,7
9 28,6
26 50,7
8 28,6
51 50,3
49 10,6
8 29,6
45 58,3
42 17,6
11 26,6
10 23,6
11 22,6
55 16,6
9 22,6
40 47,7
10 21,6
50 18,6
52 20,6
48 12,6
51 55,3
27 36,7
12 24,6
42 46,6
12 25,6
27 26,7
7 27,6
7 24,6
31 58,3
5 24,6
7 28,6
51 24,6
40 27,7
6 28,6
6 29,6
24 37,7
6 30,6
52 14,6
41 27,7
7 31,6
6 31,6
5 31,6
37 28,7
38 42,7
26 25,7
40 32,7
5 30,6
12 56,3
37 24,7
4 30,6
4 27,6
6 32,6
4 32,6
3 32,6
57 27,6
28 22,6
3 30,6
49 27,6
5 33,6
4 33,6
27 29,7
3 33,6
5 34,6
40 12,8
4 34,6
3 34,6
26 61,3
23 32,7
5 35,6
4 35,6
43 13,6
6 34,6
44 50,3
7 34,6
7 33,6
8 35,6
8 34,6
4 56,3
38 53,3
9 35,6
2 34,6
9 33,6
8 57,3
10 35,6
41 5,6
25 43,7
28 9,7
10 33,6
36 58,4
27 48,7
8 32,6
7 32,6
26 35,7
10 32,6
10 30,6
9 30,6
48 59,3
11 32,6
10 29,6
7 30,6
12 31,6
44 42,6
50 11,6
13 29,6
56 26,6
10 59,3
27 14,8
13 28,6
43 39,7
13 26,6
12 26,6
14 27,6
31 10,6
21 9,6
13 25,6
14 24,6
53 19,6
53 14,6
13 24,6
11 54,3
15 26,6
60 55,3
15 25,6
15 53,3
14 23,6
57 51,3
58 20,6
54 60,3
14 22,6
12 23,6
12 30,6
28 13,7
14 21,6
29 47,7
13 21,6
12 21,6
8 31,6
14 20,6
38 31,7
56 52,3
6 36,6
16 25,6
16 23,6
9 52,3
16 22,6
16 21,6
14 52,3
15 20,6
34 16,8
44 15,6
18 22,6
18 21,6
18 23,6
27 44,7
30 18,8
26 7,7
10 31,6
45 17,6
19 22,6
36 12,8
43 22,6
33 14,8
20 24,6
20 23,6
18 36,6
20 22,6
22 24,6
22 23,6
22 22,6
34 8,7
21 24,6
39 34,7
22 25,6
42 27,7
20 49,7
43 20,6
22 21,6
21 20,6
26 8,5
43 21,6
23 21,6
23 20,6
26 17,8
22 18,6
41 14,8
21 17,6
28 56,3
35 11,7
24 20,6
6 55,3
24 21,6
54 18,6
6 26,6
40 21,6
14 60,3
24 22,6
46 52,3
28 40,7
36 47,7
24 23,6
11 59,3
24 24,6
23 24,6
25 21,6
21 19,6
25 22,6
25 23,6
37 44,7
54 13,6
23 16,6
53 17,6
41 20,6
39 11,8
22 15,6
41 26,7
51 12,6
21 16,6
20 16,6
58 18,6
42 11,6
10 24,6
8 54,3
41 13,6
41 39,7
53 57,3
31 50,7
42 14,6
15 22,6
41 17,6
20 10,6
42 12,6
41 19,6
40 18,6
38 20,6
27 22,6
27 21,6
26 21,6
26 20,6
18 60,3
27 24,7
45 23,6
39 21,6
16 24,6
25 20,6
24 16,6
11 20,6
22 13,6
21 13,6
20 9,6
24 15,6
25 15,6
38 44,7
23 13,6
46 61,3
22 12,6
50 56,3
31 25,8
21 12,6
23 17,6
51 58,3
21 11,6
47 59,3
9 29,6
28 51,6
22 9,7
22 7,6
22 6,6
23 7,6
23 6,6
39 46,7
39 48,7
41 38,7
27 4,6
28 59,3
23 5,6
40 9,6
50 21,6
57 23,6
24 5,6
11 21,6
26 5,6
2 56,3
27 5,6
9 34,6
55 23,6
28 5,6
38 29,7
29 6,6
30 7,6
31 8,6
18 46,7
31 9,6
46 59,3
35 42,7
35 19,8
36 4,6
30 9,6
15 21,6
30 10,6
45 32,6
30 11,6
29 7,6
31 11,6
41 11,6
58 57,3
44 60,3
31 6,6
30 5,6
31 5,6
12 54,3
16 46,6
12 29,6
19 38,7
31 12,6
39 16,8
59 24,6
35 17,8
30 12,6
7 36,6
30 13,6
38 21,6
37 7,7
5 29,6
37 35,7
44 36,7
32 7,6
53 18,6
33 10,6
32 54,3
33 9,6
5 23,6
2 32,6
33 6,6
45 39,6
54 31,6
20 60,4
33 4,6
45 16,6
38 51,3
32 5,6
49 11,6
27 23,6
44 31,7
45 34,6
35 5,6
35 4,6
38 62,3
41 44,7
26 3,6
4 54,3
22 8,6
37 3,6
10 61,3
47 23,6
38 4,6
6 59,3
16 45,6
39 4,6
52 50,3
45 41,6
40 5,6
45 52,3
40 6,6
39 10,6
27 62,3
36 15,8
40 10,6
51 60,3
40 41,7
49 15,6
32 25,8
41 9,6
41 7,6
40 7,6
14 26,6
26 47,7
20 42,7
24 46,7
26 22,6
21 36,7
21 15,6
37 8,5
47 22,6
27 10,5
23 52,3
27 7,7
27 9,5
40 8,6
36 3,6
61 59,3
30 16,8
36 39,7
10 27,6
38 43,7
49 22,6
31 16,8
40 26,7
34 3,6
31 24,8
9 23,6
34 14,8
35 55,4
5 26,6
58 26,6
17 47,7
32 13,8
21 39,7
42 31,7
19 23,6
20 21,6
57 34,6
35 14,8
20 56,3
10 22,6
27 43,7
32 4,6
36 16,8
29 15,8
36 8,5
31 18,8
23 22,6
37 16,8
48 14,6
31 17,8
25 41,7
32 17,8
24 11,7
21 58,4
27 8,5
34 18,8
17 23,6
19 43,7
22 45,7
38 54,3
24 48,7
37 14,8
37 13,8
55 26,6
37 12,8
38 12,8
9 26,6
39 17,8
23 57,3
37 15,8
34 19,8
45 13,6
29 17,8
59 55,3
17 50,7
60 28,6
44 53,3
34 20,8
48 56,3
34 21,8
35 20,8
5 36,6
36 19,8
15 59,3
33 7,6
39 26,7
34 36,7
21 23,6
16 47,7
22 50,7
37 18,8
27 15,8
37 17,8
40 48,6
21 40,7
39 28,7
38 14,8
15 51,3
30 21,8
40 15,8
34 17,8
35 15,8
38 18,8
37 19,8
12 20,6
22 48,7
15 24,6
43 46,6
26 58,3
36 27,7
37 20,8
32 21,8
58 35,6
14 57,3
31 21,8
16 56,3
19 62,3
29 21,8
32 16,8
28 17,8
11 23,6
57 60,3
39 19,6
28 15,8
31 20,8
27 18,8
30 20,8
44 58,3
32 14,8
52 61,3
32 23,8
19 37,7
32 22,8
24 44,7
36 34,7
56 34,6
37 48,7
33 22,8
56 28,6
37 4,6
35 22,8
43 52,3
19 15,6
35 58,4
36 23,8
55 53,3
22 60,3
30 17,8
35 24,8
44 25,7
34 25,8
18 49,7
41 53,3
33 25,8
51 17,6
26 55,3
26 15,8
28 14,8
26 23,6
48 27,6
29 14,8
5 28,6
33 11,8
23 40,7
17 25,6
38 13,8
32 30,7
43 30,7
37 57,4
35 13,8
22 17,6
24 49,7
36 20,8
40 11,8
9 55,3
30 26,7
23 12,7
6 35,6
39 51,3
19 48,7
41 15,8
25 17,8
37 21,8
45 49,3
35 25,8
34 7,7
33 26,8
51 26,6
25 14,6
32 26,8
37 61,3
20 11,6
58 16,6
30 23,8
28 20,8
50 12,6
20 19,6
32 46,7
22 49,7
32 18,8
21 46,7
28 32,7
52 19,6
40 17,8
34 60,3
28 8,7
26 12,7
38 25,7
24 8,7
38 7,7
32 8,6
25 11,7
16 20,6
25 12,7
28 34,7
35 51,6
44 26,7
8 60,3
24 10,7
26 14,8
23 10,7
23 9,7
31 22,8
52 15,6
9 57,3
38 8,7
12 55,3
24 45,7
22 30,7
35 6,7
56 24,6
15 23,6
37 6,7
26 4,6
32 29,7
25 7,7
34 4,6
19 55,3
25 5,6
49 61,3
35 16,8
35 7,7
35 8,7
18 62,3
35 9,7
35 10,7
39 32,7
24 17,6
33 13,8
36 13,8
18 20,6
35 41,7
36 10,7
37 10,7
24 12,7
39 7,7
27 17,8
39 9,7
38 9,7
50 26,6
33 16,8
11 61,3
38 10,7
6 52,3
24 9,7
41 51,3
42 18,6
31 7,6
27 12,7
36 11,7
24 4,6
29 8,7
26 11,7
51 13,6
40 36,7
43 48,3
51 28,6
44 35,7
25 16,8
20 37,7
45 10,6
27 6,7
25 3,6
28 6,7
27 19,8
23 62,3
20 35,7
4 29,6
16 55,3
36 53,3
28 41,7
14 28,6
19 53,3
29 9,7
54 11,6
29 4,6
32 19,8
32 24,8
48 61,3
22 44,7
17 56,3
33 38,7
40 30,7
25 13,7
19 46,7
40 42,7
50 24,6
23 11,7
42 7,6
57 33,6
22 53,4
28 7,7
40 40,7
22 10,7
20 30,6
26 9,5
4 58,3
20 7,6
33 15,8
2 30,6
48 23,6
37 11,7
28 18,8
25 42,7
34 54,4
24 7,7
22 20,6
34 11,7
9 51,3
16 19,6
43 33,7
33 31,7
40 16,8
13 60,3
19 47,7
19 13,6
32 20,8
39 5,6
24 34,7
25 47,7
29 30,7
20 34,7
35 38,7
19 20,6
34 13,8
34 30,7
34 9,7
36 56,3
37 23,7
29 48,7
33 53,3
32 48,7
38 49,7
24 19,6
15 19,6
16 26,6
32 50,7
33 48,7
19 12,6
55 54,3
24 58,4
17 22,6
28 3,6
25 6,7
24 27,7
35 48,7
31 15,8
40 57,4
28 10,7
56 21,6
33 47,7
34 26,8
28 42,7
30 50,7
32 15,8
23 48,7
43 53,3
32 47,7
11 29,6
33 20,8
14 53,3
48 15,6
47 17,6
25 49,7
33 23,8
46 49,3
53 16,6
25 9,5
39 13,8
49 21,6
34 10,7
39 18,8
36 9,5
59 20,6
31 3,6
21 49,7
45 55,3
23 50,7
50 27,6
24 50,7
15 47,6
42 38,7
31 4,6
31 49,7
49 18,6
34 49,7
48 58,3
40 58,3
26 28,7
51 29,6
21 10,6
34 50,7
18 47,7
57 28,6
26 48,7
25 44,7
40 59,3
21 48,7
20 20,6
30 4,6
32 3,6
36 50,7
34 41,7
29 18,8
28 19,8
38 46,7
41 16,8
23 14,6
36 49,7
20 17,6
43 43,7
32 60,3
37 49,7
29 20,8
38 48,7
44 62,3
30 40,7
39 20,6
44 21,6
41 46,7
40 45,7
3 26,6
23 49,7
53 52,3
11 24,6
42 44,7
44 41,7
43 41,7
17 44,7
20 41,7
44 40,7
35 18,8
41 30,7
8 30,6
28 21,8
55 17,6
52 18,6
57 13,6
18 38,6
44 33,7
4 26,6
44 32,7
20 39,7
46 14,6
36 5,6
45 30,7
27 50,7
45 28,7
34 59,3
8 24,6
45 27,7
21 41,7
38 5,6
36 6,7
46 27,7
18 12,6
24 42,7
35 23,8
29 50,7
3 60,3
19 61,3
40 33,7
42 24,7
29 32,7
58 30,6
13 23,6
9 32,6
39 24,7
42 15,6
21 22,6
45 38,6
32 52,3
53 30,6
33 8,6
6 33,6
44 37,7
52 13,6
55 56,3
56 31,6
16 18,6
30 24,7
33 21,8
28 23,6
33 5,6
49 19,6
12 22,6
40 61,3
18 37,6
26 19,8
53 56,3
29 24,7
24 13,7
28 24,7
39 23,7
23 33,7
31 47,7
45 40,6
9 25,6
32 6,6
4 28,6
37 9,5
29 13,7
2 55,3
18 45,7
35 59,3
18 42,7
52 52,3
18 41,7
18 40,7
48 49,3
26 33,7
25 10,5
37 45,7
47 19,6
55 32,6
17 43,7
18 35,6
19 19,6
17 61,3
52 29,6
25 19,6
46 26,6
41 6,6
21 7,6
16 48,7
21 30,7
18 48,7
49 54,3
47 27,6
24 54,3
42 10,6
17 49,7
57 31,6
25 18,6
16 44,6
40 46,7
56 12,6
27 42,7
40 3,6
51 19,6
7 29,6
20 13,6
46 24,6
44 10,6
59 22,6
18 43,7
57 20,6
41 12,6
56 30,6
55 24,6
25 55,3
39 8,7
27 51,6
36 48,7
45 42,6
42 47,6
24 55,3
31 46,7
42 39,7
22 29,7
22 27,7
62 57,3
30 14,8
18 51,6
8 21,6
34 22,8
21 52,3
36 29,7
39 25,7
20 32,7
12 19,6
30 28,7
41 47,7
20 36,7
46 25,6
42 61,3
30 30,7
20 12,6
18 39,6
41 23,7
42 9,6
11 30,6
50 61,3
45 25,6
19 34,6
56 17,6
56 33,6
45 24,6
42 23,6
24 6,6
53 26,6
30 49,7
48 25,6
19 49,7
41 22,6
27 49,7
14 58,3
44 27,7
19 39,7
36 22,8
43 23,6
19 16,6
32 61,3
27 25,7
14 25,6
24 59,4
45 37,6
21 43,7
22 26,6
39 61,3
9 31,6
21 26,6
29 58,4
39 45,7
34 31,7
51 25,6
39 57,4
12 57,3
27 54,3
49 28,6
29 3,6
11 33,6
20 51,6
39 44,7
42 57,4
43 57,4
33 19,8
10 50,3
49 16,6
46 54,3
42 30,7
34 52,4
31 23,8
40 4,6
45 48,3
34 53,4
54 30,6
10 52,3
16 61,3
60 24,6
59 57,3
30 57,4
34 51,4
22 54,4
45 36,6
28 38,7
26 59,4
35 49,7
41 36,7
43 15,6
55 13,6
18 58,4
7 59,3
36 57,4
51 53,3
19 42,7
6 25,6
16 49,7
11 28,6
43 25,7
41 29,7
42 8,6
23 59,4
46 19,6
32 12,8
38 23,7
51 56,3
43 38,7
21 14,6
46 29,6
55 15,6
52 54,3
21 25,6
22 57,4
19 11,6
22 55,4
5 32,6
22 51,4
27 11,7
10 20,6
36 21,8
43 44,6
17 59,3
26 16,8
57 32,6
31 51,6
14 19,6
47 52,3
4 25,6
15 18,6
52 56,3
20 25,6
13 31,6
8 59,3
38 39,7
17 18,6
17 19,6
19 9,6
12 28,6
2 58,3
43 10,6
52 22,6
25 59,4
18 13,6
44 22,6
30 3,6
33 50,7
33 3,6
53 24,6
3 31,6
35 3,6
3 27,6
60 25,6
53 54,3
35 2,6
31 19,8
30 19,8
23 8,7
49 23,6
38 15,8
8 33,6
50 20,6
32 36,7
38 2,6
44 44,6
17 45,7
38 3,6
18 55,3
48 22,6
47 51,3
21 6,6
26 6,7
56 22,6
30 15,8
50 14,6
54 55,3
60 27,6
38 16,8
39 43,7
23 31,7
17 21,6
41 18,6
26 27,7
25 58,4
39 12,8
3 28,6
21 21,6
39 6,6
43 7,6
15 46,6
23 61,3
30 47,7
28 4,6
40 13,8
58 22,6
12 33,6
38 17,8
29 39,7
43 35,7
27 55,3
24 18,6
21 28,6
1 58,3
33 17,8
35 37,7
25 8,5
52 11,6
44 12,6
34 34,7
53 11,6
42 37,7
46 20,6
41 8,6
25 24,6
27 13,7
36 17,8
32 55,3
27 16,8
39 22,6
23 26,7
48 17,6
23 18,6
9 61,3
34 15,8
43 56,3
30 58,4
58 14,6
55 22,6
10 34,6
33 18,8
58 15,6
30 46,7
17 20,6
26 38,7
6 21,6
29 11,7
22 5,6
58 17,6
58 31,6
41 33,7
18 53,3
38 57,4
46 62,3
10 36,6
55 57,3
29 51,6
3 29,6
15 48,6
8 53,3
38 6,6
39 15,8
19 52,3
59 21,6
41 4,6
34 37,7
21 59,4
45 20,6
7 56,3
59 28,6
32 51,6
59 29,6
36 2,6
22 28,7
25 26,7
59 30,6
32 49,7
21 51,6
42 6,6
21 33,7
36 7,7
20 26,6
40 49,6
59 23,6
53 27,6
56 32,6
33 49,7
22 32,7
20 50,7
35 46,7
30 6,6
47 28,6
57 19,6
50 15,6
48 51,3
44 18,6
21 62,3
49 12,6
41 48,6
58 34,6
30 51,6
4 24,6
22 56,4
31 13,8
52 21,6
39 49,6
23 35,7
45 31,6
35 50,7
38 30,7
45 33,6
23 55,3
20 18,6
46 28,6
46 10,6
17 42,6
25 51,6
37 53,3
51 11,6
22 14,6
48 53,3
42 16,6
13 27,6
19 32,6
4 31,6
12 27,6
3 54,3
56 51,3
35 57,4
27 33,7
43 45,6
51 16,6
36 25,8
39 50,6
33 51,6
23 51,6
7 22,6
18 25,6
18 24,6
36 51,6
31 54,3
28 50,7
44 24,6
7 35,6
36 24,8
40 29,7
6 23,6
24 51,6
19 59,4
17 24,6
13 30,6
32 57,4
45 56,3
28 28,7
25 50,7
17 51,6
17 53,3
27 58,3
25 25,7
24 61,3
42 32,7
15 49,6
28 16,8
50 23,6
29 22,8
30 41,7
57 14,6
13 19,6
19 33,6
26 53,3
34 47,7
22 11,6
20 15,6
37 36,7
37 50,6
38 19,8
56 25,6
11 35,6
19 54,3
48 60,3
55 52,3
16 43,6
5 22,6
3 58,3
21 57,4
34 12,8
50 59,3
58 25,6
26 51,6
17 41,6
21 60,3
25 37,7
17 40,6
2 31,6
60 23,6
32 59,3
17 48,7
14 29,6
37 22,6
41 21,6
32 10,6
40 19,6
11 27,6
19 24,6
21 27,6
23 19,6
36 14,8
25 4,6
33 24,8
9 36,6
19 31,6
38 50,6
57 58,3
35 56,4
21 29,6
14 54,3
44 28,7
3 35,6
19 25,6
43 29,7
26 24,6
39 3,6
35 53,3
11 34,6
26 18,8
37 51,6
15 27,6
25 28,7
40 22,6
23 47,7
55 21,6
34 29,7
4 36,6
33 34,7
19 35,6
21 5,6
19 10,6
48 52,3
54 21,6
2 36,6
23 15,6
56 56,3
2 33,6
22 47,7
42 42,7
36 18,8
46 58,3
29 23,6
13 20,6
29 49,7
20 40,7
46 31,6
24 47,7
11 25,6
29 16,8
17 46,7
0 58,3
20 55,3
0 59,3
2 60,3
4 60,3
5 60,3
59 54,3
13 61,3
53 60,3
21 61,3
31 62,3
32 62,3
35 62,3
36 62,3
37 62,3
39 62,3
40 62,3
41 62,3
42 62,3
43 62,3
45 62,3
47 62,3
51 61,3
55 60,3
56 55,3
56 60,3
58 60,3
59 60,3
46 57,3
60 60,3
61 60,3
62 60,3
62 59,3
63 58,3
63 57,3
59 53,3
58 52,3
57 52,3
54 50,3
49 49,3
53 51,3
47 49,3
43 55,3
14 49,3
13 49,3
12 50,3
11 50,3
8 51,3
7 52,3
6 53,3
5 53,3
4 53,3
1 56,3
8 58,3
7 58,3
5 59,3
1 57,3
57 53,3
1 59,3
2 57,3
3 59,3
4 59,3
3 57,3
5 58,3
6 58,3
4 57,3
5 57,3
4 55,3
47 50,3
5 55,3
5 56,3
43 50,3
6 54,3
6 56,3
6 57,3
7 57,3
8 56,3
7 53,3
7 54,3
7 55,3
8 55,3
11 55,3
10 51,3
11 51,3
58 58,3
9 53,3
10 54,3
11 52,3
11 53,3
12 53,3
13 50,3
14 50,3
15 50,3
13 51,3
41 59,3
9 60,3
9 56,3
9 58,3
10 56,3
11 56,3
10 57,3
10 58,3
11 57,3
16 59,3
45 54,3
21 56,3
52 51,3
20 59,4
12 58,3
12 59,3
13 59,3
14 59,3
13 55,3
13 56,3
15 56,3
15 57,3
29 61,3
15 58,3
16 58,3
17 58,3
54 54,3
16 57,3
54 56,3
17 57,3
18 57,3
19 57,3
20 57,3
18 56,3
19 56,3
21 55,3
21 53,3
21 54,3
20 52,3
20 54,3
18 52,3
18 54,3
17 55,3
17 52,3
17 54,3
13 52,3
13 53,3
13 54,3
15 54,3
14 51,3
15 52,3
16 51,3
16 52,3
16 53,3
26 52,3
25 52,3
24 53,3
25 53,3
23 56,3
24 57,3
25 57,3
25 54,3
25 56,3
29 57,3
29 56,3
28 55,3
29 55,3
27 52,3
27 53,3
28 52,3
28 53,3
28 54,3
29 52,3
29 53,3
29 54,3
31 52,3
33 52,3
30 54,3
51 59,3
30 55,3
30 56,3
31 56,3
32 56,3
41 55,3
26 62,3
27 59,3
27 60,3
28 62,3
29 62,3
30 62,3
29 59,3
29 60,3
30 59,3
30 61,3
31 61,3
33 61,3
34 61,3
35 60,3
60 59,3
35 61,3
36 59,3
36 60,3
38 61,3
41 61,3
43 61,3
44 61,3
45 61,3
47 60,3
47 61,3
59 56,3
49 58,3
49 59,3
49 60,3
50 60,3
52 59,3
53 59,3
54 59,3
55 58,3
55 59,3
54 52,3
57 59,3
58 59,3
59 59,3
61 57,3
61 58,3
60 56,3
60 57,3
60 58,3
39 56,3
59 58,3
56 57,3
57 57,3
58 56,3
57 56,3
58 53,3
58 54,3
58 55,3
57 55,3
56 53,3
55 51,3
51 51,3
50 53,3
51 52,3
42 51,3
50 50,3
50 51,3
50 52,3
49 50,3
48 50,3
46 50,3
46 51,3
45 50,3
45 51,3
42 48,3
44 48,3
44 49,3
41 49,3
42 49,3
43 49,3
43 51,3
40 50,3
42 50,3
42 52,3
42 53,3
41 52,3
40 51,3
40 53,3
39 53,3
35 52,3
35 54,3
36 52,3
37 52,3
43 58,3
38 52,3
36 55,3
37 56,3
38 55,3
39 54,3
39 55,3
40 54,3
40 56,3
41 54,3
42 54,3
42 56,3
44 52,3
43 54,3
44 55,3
45 53,3
46 53,3
46 55,3
47 54,3
47 55,3
48 54,3
49 53,3
50 54,3
51 54,3
54 57,3
54 58,3
52 58,3
52 55,3
51 57,3
48 55,3
50 55,3
50 57,3
49 57,3
48 57,3
47 56,3
47 57,3
45 57,3
46 60,3
45 59,3
45 60,3
43 59,3
43 60,3
42 58,3
28 58,3
42 59,3
42 60,3
41 58,3
40 60,3
37 58,3
37 60,3
38 58,3
38 59,3
38 60,3
39 58,3
39 59,3
39 60,3
31 59,3
31 60,3
32 58,3
33 58,3
33 60,3
34 58,3
33 55,4
33 56,4
33 57,4
34 56,4
34 57,4
19 58,4
19 60,4
25 60,3
25 61,3
25 62,3
26 60,3
24 60,3
24 62,3
22 61,3
22 62,3
27 57,3
28 57,3
20 61,3
16 60,3
16 62,3
15 60,3
15 61,3
15 62,3
14 62,3
12 61,3
12 62,3
11 60,3
11 62,3
10 60,3
10 62,3
7 62,3
9 62,3
6 60,3
6 61,3
7 60,3
7 61,3
8 61,3
